1755529316,47.4
1755529317,47.4
1755529318,47.4
1755529319,47.4
1755529320,47.4
1755529321,47.4
1755529322,47.4
1755529323,47.4
1755529324,47.4
1755529325,47.4
1755529326,47.4
1755529327,47.4
1755529328,47.4
1755529329,47.4
1755529330,47.4
1755529331,47.4
1755529332,47.4
1755529333,47.4
1755529334,47.4
1755529335,47.4
1755529336,47.4
1755529337,47.4
1755529338,47.4
1755529339,47.4
1755529340,47.4
1755529341,47.4
1755529342,47.4
1755529343,47.4
1755529344,47.4
1755529345,47.4
1755529346,47.4
1755529347,47.4
1755529348,47.4
1755529349,47.4
1755529350,47.4
1755529351,47.4
1755529352,47.4
1755529353,47.4
1755529354,47.4
1755529355,47.4
1755529356,47.4
1755529357,47.4
1755529358,47.4
1755529359,47.4
1755529360,47.4
1755529361,47.4
1755529362,47.4
1755529363,47.4
1755529364,47.4
1755529365,47.4
1755529366,47.4
1755529367,47.4
1755529368,47.4
1755529369,47.4
1755529370,47.4
1755529371,47.4
1755529372,47.4
1755529373,47.4
1755529374,47.4
1755529375,47.4
